00000000
00000010
00000100
00000110
00001000
00001010
00001100
00001110
00010000
00010010
00010100
00010110
00011000
00011010
00011100
00011110
00100000
00100010
00100011
00100101
00100111
00101001
00101011
00101101
00101111
00110001
00110010
00110100
00110110
00111000
00111010
00111011
00111101
00111111
01000001
01000010
01000100
01000110
01000111
01001001
01001011
01001100
01001110
01001111
01010001
01010010
01010100
01010101
01010111
01011000
01011010
01011011
01011101
01011110
01011111
01100001
01100010
01100011
01100100
01100110
01100111
01101000
01101001
01101010
01101011
01101100
01101101
01101110
01101111
01110000
01110001
01110010
01110011
01110100
01110101
01110101
01110110
01110111
01110111
01111000
01111001
01111001
01111010
01111010
01111011
01111011
01111100
01111100
01111101
01111101
01111101
01111110
01111110
01111110
01111110
01111111
01111111
01111111
01111111
01111111
01111111
01111111
01111111
01111111
01111111
01111111
01111110
01111110
01111110
01111110
01111101
01111101
01111101
01111100
01111100
01111011
01111011
01111010
01111010
01111001
01111001
01111000
01110111
01110111
01110110
01110101
01110101
01110100
01110011
01110010
01110001
01110000
01101111
01101110
01101101
01101100
01101011
01101010
01101001
01101000
01100111
01100110
01100100
01100011
01100010
01100001
01011111
01011110
01011101
01011011
01011010
01011000
01010111
01010101
01010100
01010010
01010001
01001111
01001110
01001100
01001011
01001001
01000111
01000110
01000100
01000010
01000001
00111111
00111101
00111011
00111010
00111000
00110110
00110100
00110010
00110001
00101111
00101101
00101011
00101001
00100111
00100101
00100011
00100010
00100000
00011110
00011100
00011010
00011000
00010110
00010100
00010010
00010000
00001110
00001100
00001010
00001000
00000110
00000100
00000010
00000000
11111110
11111100
11111010
11111000
11110110
11110100
11110010
11110000
11101110
11101100
11101010
11101000
11100110
11100100
11100010
11100000
11011110
11011101
11011011
11011001
11010111
11010101
11010011
11010001
11001111
11001110
11001100
11001010
11001000
11000110
11000101
11000011
11000001
10111111
10111110
10111100
10111010
10111001
10110111
10110101
10110100
10110010
10110001
10101111
10101110
10101100
10101011
10101001
10101000
10100110
10100101
10100011
10100010
10100001
10011111
10011110
10011101
10011100
10011010
10011001
10011000
10010111
10010110
10010101
10010100
10010011
10010010
10010001
10010000
10001111
10001110
10001101
10001100
10001011
10001011
10001010
10001001
10001001
10001000
10000111
10000111
10000110
10000101
10000101
10000101
10000100
10000100
10000011
10000011
10000011
10000010
10000010
10000010
10000010
10000001
10000001
10000001
10000001
10000001
10000001
10000001
10000001
10000001
10000001
10000001
10000010
10000010
10000010
10000010
10000011
10000011
10000011
10000100
10000100
10000101
10000101
10000101
10000110
10000111
10000111
10001000
10001001
10001001
10001010
10001011
10001011
10001100
10001101
10001110
10001111
10010000
10010001
10010010
10010011
10010100
10010101
10010110
10010111
10011000
10011001
10011010
10011100
10011101
10011110
10011111
10100001
10100010
10100011
10100101
10100110
10101000
10101001
10101011
10101100
10101110
10101111
10110001
10110010
10110100
10110101
10110111
10111001
10111010
10111100
10111110
10111111
11000001
11000011
11000101
11000110
11001000
11001010
11001100
11001110
11001111
11010001
11010011
11010101
11010111
11011001
11011011
11011101
11011110
11100000
11100010
11100100
11100110
11101000
11101010
11101100
11101110
11110000
11110010
11110100
11110110
11111000
11111010
11111100
11111110
00000000
